[gd_scene load_steps=5 format=2]

[ext_resource path="res://aircraft/ingenuity/Ingenuity.gd" type="Script" id=1]
[ext_resource path="res://aircraft/ingenuity/model/Ingenuity_v3_model.tscn" type="PackedScene" id=2]
[ext_resource path="res://addons/aero_tools/scripts/aero_pid_calc.gd" type="Script" id=3]

[sub_resource type="BoxShape" id=1]
margin = 0.001
extents = Vector3( 0.311, 0.25, 0.311 )

[node name="Ingenuity" type="VehicleBody"]
mass = 1.8
continuous_cd = true
can_sleep = false
angular_damp = 1.0
script = ExtResource( 1 )

[node name="Ingenuity_v3" parent="." instance=ExtResource( 2 )]

[node name="CollisionShape" type="CollisionShape" parent="."]
transform = Transform( 1, 0, 0, 0, 1, 0, 0, 0, 1, 0, 0.202194, 0 )
shape = SubResource( 1 )

[node name="RadioAltimeter" type="RayCast" parent="."]
enabled = true

[node name="PIDCalcPitch" type="Node" parent="."]
script = ExtResource( 3 )
term_P = 0.1
term_D = 0.05
param_tuning_active = false

[node name="PIDCalcRoll" type="Node" parent="."]
script = ExtResource( 3 )
term_P = 0.1
term_D = 0.05
param_tuning_active = false

[node name="PIDCalcYaw" type="Node" parent="."]
script = ExtResource( 3 )
term_P = 0.8
term_D = 0.4
param_tuning_active = false

[node name="PIDCalcThrust" type="Node" parent="."]
script = ExtResource( 3 )
term_P = 0.2
term_I = 0.2
term_D = 0.05
param_tuning_active = false

[node name="PIDCalcVelocityX" type="Node" parent="."]
script = ExtResource( 3 )
term_P = 8.0
param_tuning_active = false

[node name="PIDCalcVelocityY" type="Node" parent="."]
script = ExtResource( 3 )
term_P = 2.0
term_I = 1.0
term_D = 1.0
param_tuning_active = false

[node name="PIDCalcVelocityZ" type="Node" parent="."]
script = ExtResource( 3 )
term_P = 8.0
param_tuning_active = false

[node name="PIDCalcPositionX" type="Node" parent="."]
script = ExtResource( 3 )
term_P = 2.0
term_I = 0.5
term_D = 0.1
param_tuning_active = false

[node name="PIDCalcPositionY" type="Node" parent="."]
script = ExtResource( 3 )
term_P = 2.0
term_I = 0.5
term_D = 0.1
param_tuning_active = false

[node name="PIDCalcPositionZ" type="Node" parent="."]
script = ExtResource( 3 )
term_P = 2.0
term_I = 0.5
term_D = 0.1
param_tuning_active = false

[node name="VehicleWheel1" type="VehicleWheel" parent="."]
transform = Transform( 0.707107, 0, 0.707107, 0, 1, 0, -0.707107, 0, 0.707107, -0.3, -0.18, -0.3 )
wheel_radius = 0.01
wheel_rest_length = 0.02
wheel_friction_slip = 1.0
suspension_travel = 0.05
suspension_stiffness = 200.0

[node name="VehicleWheel2" type="VehicleWheel" parent="."]
transform = Transform( 0.707107, 0, -0.707107, 0, 1, 0, 0.707107, 0, 0.707107, 0.3, -0.18, -0.3 )
wheel_radius = 0.01
wheel_rest_length = 0.02
wheel_friction_slip = 1.0
suspension_travel = 0.05
suspension_stiffness = 200.0

[node name="VehicleWheel3" type="VehicleWheel" parent="."]
transform = Transform( -0.707107, 0, 0.707107, 0, 1, 0, -0.707107, 0, -0.707107, -0.3, -0.18, 0.3 )
wheel_radius = 0.01
wheel_rest_length = 0.02
wheel_friction_slip = 1.0
suspension_travel = 0.05
suspension_stiffness = 200.0

[node name="VehicleWheel4" type="VehicleWheel" parent="."]
transform = Transform( -0.707107, 0, -0.707107, 0, 1, 0, 0.707107, 0, -0.707107, 0.3, -0.18, 0.3 )
wheel_radius = 0.01
wheel_rest_length = 0.02
wheel_friction_slip = 1.0
suspension_travel = 0.05
suspension_stiffness = 200.0

[editable path="Ingenuity_v3"]
